     A	B  C  D  E  S  
0  - 0	0  0  0  0  1
1  - 0	0  0  0  1  1
2  - 0	0  0  1  0  0
3  - 0	0  0  1  1  0
4  - 0	0  1  0  0  1
5  - 0	0  1  0  1  1
6  - 0	0  1  1  0  0
7  - 0	0  1  1  1  1
8  - 0	1  0  0  0  1
9  - 0	1  0  0  1  1
10 - 0	1  0  1  0  0
11 - 0	1  0  1  1  0
12 - 0	1  1  0  0  0
13 - 0	1  1  0  1  1
14 - 0	1  1  1  0  1
15 - 0	1  1  1  1  1
16 - 1	0  0  0  0  0
17 - 1	0  0  0  1  1
18 - 1	0  0  1  0  1
19 - 1	0  0  1  1  0
20 - 1	0  1  0  0  1
21 - 1	0  1  0  1  1
22 - 1	0  1  1  0  0
23 - 1	0  1  1  1  1
24 - 1	1  0  0  0  0
25 - 1	1  0  0  1  0
26 - 1	1  0  1  0  0
27 - 1	1  0  1  1  1
28 - 1	1  1  0  0  0
29 - 1	1  1  0  1  1
30 - 1	1  1  1  0  1
31 - 1	1  1  1  1  1



0 bit:

	0 0 0 0 0 (00) (V)

1 bit:

	0 0 0 0 1 (01) (V)
	0 0 1 0 0 (04) (V)
	0 1 0 0 0 (08) (V)
	
2 bits:

	0 0 1 0 1 (05) (V)
	0 1 0 0 1 (09) (V)
	1 0 0 0 1 (17) (V)
	1 0 0 1 0 (18) ( A ) < ==
	1 0 1 0 0 (20) (V)

3 bits:

	0 0 1 1 1 (07) (V)
	0 1 1 0 1 (13) (V)
	0 1 1 1 0 (14) (V)
	1 0 1 0 1 (21) (V)
		
4 bits:
	0 1 1 1 1 (15) (V)
	1 0 1 1 1 (23) (V)
	1 1 0 1 1 (27) (V)
	1 1 1 0 1 (29) (V)
	1 1 1 1 0 (30) (V)

5 bits:

	1 1 1 1 1 (31)




===================1x1===================

(00 , 01) 0 0 0 0 _
(00 , 04) 0 0 _ 0 0
(00 , 08) 0 _ 0 0 0
(01 , 05) 0 0 _ 0 1
(01 , 09) 0 _ 0 0 1
(04 , 05) 0 0 1 0 _
(04 , 20) _ 0 1 0 0
(08 , 09) 0 1 0 0 _
(05 , 07) 0 0 1 _ 1
(05 , 13) 0 _ 1 0 1
(05 , 21) _ 0 1 0 1
(09 , 13) 0 1 _ 0 1
(17 , 21) 1 0 _ 0 1
(20 , 21) 1 0 1 0 _
(07 , 15) 0 _ 1 1 1
(07 , 23) _ 0 1 1 1
(13 , 29) _ 1 1 0 1
(14 , 15) 0 1 1 1 _
(14 , 30) _ 1 1 1 0
(21 , 29) 1 _ 1 0 1
(21 , 23) 1 0 1 1 1
(15 , 31) _ 1 1 1 1
(23 , 31) 1 _ 1 1 1
(27 , 31) 1 1 _ 1 1
(29 , 31) 1 1 1 _ 1
(30 , 31) 1 1 1 1 _

organizado:

(04 , 20) _ 0 1 0 0 (V)
(05 , 21) _ 0 1 0 1 (V)
(07 , 23) _ 0 1 1 1 (V)
(13 , 29) _ 1 1 0 1 (V)
(14 , 30) _ 1 1 1 0 (V)
(15 , 31) _ 1 1 1 1 (V)

(00 , 08) 0 _ 0 0 0 (V)
(01 , 09) 0 _ 0 0 1 (V)
(05 , 13) 0 _ 1 0 1 (V)
(07 , 15) 0 _ 1 1 1 (V)
(21 , 29) 1 _ 1 0 1 (V)
(23 , 31) 1 _ 1 1 1 (V)

(00 , 04) 0 0 _ 0 0 (V)
(01 , 05) 0 0 _ 0 1 (V)
(09 , 13) 0 1 _ 0 1 (V)
(17 , 21) 1 0 _ 0 1 (V)
(27 , 31) 1 1 _ 1 1 ( B ) <==

(05 , 07) 0 0 1 _ 1 ( C ) < ==
(29 , 31) 1 1 1 _ 1 ( D ) < ==

(00 , 01) 0 0 0 0 _ (V)
(04 , 05) 0 0 1 0 _ (V)
(08 , 09) 0 1 0 0 _ ( E ) < ==
(20 , 21) 1 0 1 0 _ (V)
(14 , 15) 0 1 1 1 _ (V)
(30 , 31) 1 1 1 1 _ (V)

===================2x2===================

(04 , 20 , 05 , 21) _ 0 1 0 _
(05 , 21 , 07 , 23) _ 0 1 _ 1
(07 , 23 , 15 , 31) _ _ 1 1 1
(13 , 29 , 15 , 31) _ 1 1 _ 1
(14 , 30 , 15 , 31) _ 1 1 1 _
(00 , 08 , 01 , 09) 0 _ 0 0 _
(01 , 09 , 05 , 13) 0 _ _ 0 1
(05 , 13 , 07 , 15) 0 _ 1 _ 1
(05 , 13 , 21 , 29) _ _ 1 0 1
(07 , 15 , 23 , 31) _ _ 1 1 1
(21 , 29 , 23 , 31) 1 _ 1 _ 1
(00 , 04 , 01 , 05) 0 0 _ 0 _
(01 , 05 , 09 , 13) 0 _ _ 0 1
(01 , 05 , 17 , 21) _ 0 _ 0 1
(00 , 01 , 04 , 05) 0 0 _ 0 _
(04 , 05 , 20 , 21) _ 0 1 0 _
(14 , 15 , 30 , 31) _ 1 1 1 _

organizado:

(07 , 23 , 15 , 31) _ _ 1 1 1
(05 , 13 , 21 , 29) _ _ 1 0 1
(07 , 15 , 23 , 31) _ _ 1 1 1 (EXCLUÍDO)
(01 , 05 , 17 , 21) _ 0 _ 0 1
(05 , 21 , 07 , 23) _ 0 1 _ 1
(13 , 29 , 15 , 31) _ 1 1 _ 1
(04 , 20 , 05 , 21) _ 0 1 0 _
(14 , 30 , 15 , 31) _ 1 1 1 _
(04 , 05 , 20 , 21) _ 0 1 0 _ (EXCLUÍDO)
(14 , 15 , 30 , 31) _ 1 1 1 _ (EXCLUÍDO)
(01 , 09 , 05 , 13) 0 _ _ 0 1
(01 , 05 , 09 , 13) 0 _ _ 0 1 (EXCLUÍDO)
(05 , 13 , 07 , 15) 0 _ 1 _ 1
(21 , 29 , 23 , 31) 1 _ 1 _ 1
(00 , 04 , 01 , 05) 0 0 _ 0 _
(00 , 01 , 04 , 05) 0 0 _ 0 _ (EXCLUÍDO)


Exclusões possiveis:


(07 , 15 , 23 , 31) e (07 , 23 , 15 , 31)
(04 , 20 , 05 , 21) e (04 , 05 , 20 , 21)
(14 , 30 , 15 , 31) e (14 , 15 , 30 , 31)
(01 , 09 , 05 , 13) e (01 , 05 , 09 , 13)
(00 , 04 , 01 , 05) e (00 , 01 , 04 , 05)

Pós-exclusão:

(07 , 23 , 15 , 31) _ _ 1 1 1 (V)
(05 , 13 , 21 , 29) _ _ 1 0 1 (V)
(01 , 05 , 17 , 21) _ 0 _ 0 1 ( F ) <==
(05 , 21 , 07 , 23) _ 0 1 _ 1 (V)
(13 , 29 , 15 , 31) _ 1 1 _ 1 (V)
(04 , 20 , 05 , 21) _ 0 1 0 _ ( G ) <==
(14 , 30 , 15 , 31) _ 1 1 1 _ ( H ) <==
(01 , 09 , 05 , 13) 0 _ _ 0 1 ( I ) <==
(05 , 13 , 07 , 15) 0 _ 1 _ 1 (V)
(21 , 29 , 23 , 31) 1 _ 1 _ 1 (V)
(00 , 04 , 01 , 05) 0 0 _ 0 _ ( J ) <==

===================4x4===================

(07 , 23 , 15 , 31 , 05 , 13 , 21 , 29) _ _ 1 _ 1 ( K ) < ==
(05 , 21 , 07 , 23 , 13 , 29 , 15 , 31) _ _ 1 _ 1 (EXCLUÍDO)
(05 , 13 , 07 , 15 , 21 , 29 , 23 , 31) _ _ 1 _ 1 (EXCLUÍDO)

Exclusoes:

(07 , 23 , 15 , 31 , 05 , 13 , 21 , 29) e (05 , 21 , 07 , 23 , 13 , 29 , 15 , 31) e (05 , 13 , 07 , 15 , 21 , 29 , 23 , 31)


===================sobraram===================

A (18)
B (27 , 31)
C (05 , 07) -cortado-
D (29 , 31) -cortado-
E (08 , 09)
F (01 , 05 , 17 , 21)
G (04 , 20 , 05 , 21)
H (14 , 30 , 15 , 31)
I (01 , 09 , 05 , 13)
J (00 , 04 , 01 , 05)
K (07 , 23 , 15 , 31 , 05 , 13 , 21 , 29)

=============Tabela de simplificação====================

	00   01   04   05   07   08   09   13   14   15   17   18   20   21   23   27   29   30   31

A	                                                       18
					
B                                                                                  27             31
		
C	               05   07                                                                       (CORTADO)(c)          
	
D                                                                                       29        31 (CORTADO)(D)

E                                08   09

F            01        05                                 17             21

G	          04   05                                           20   21

H                                               14   15                                      30   31

I	     01        05             09   13

J	00   01   04   05

K	               05   07             13        15                  21   23        29        31



Tira-se C e D pela simplificacão


=================Nova função============================

S = A + B + E + F + G + H + I + J + K

S = (a*~b*~c*d*~e) + (a*b*d*e) + (~a*b*~c*~d) + (~b*~d*e) + (~b*c*~d) + (b*c*d) + (~a*~d*e) + (~a*~b*~d) + (c*e)
























