Wadson Ferreira
460631

O resultado será mostrado em M5 <= {MEM[24],MEM[25]} <= 5095 <= 10011_10111111

00000 00 00111001 lda 25
00001 01 01011011 add 27
00010 02 11000111 jnc 07
00011 03 01111001 sto 25
00100 04 00111111 lda 31
00101 05 01111110 sto 30
00110 06 11101000 jmp 08
00111 07 01111001 sto 25
01000 08 00111001 lda 25
01001 09 10011101 sub 29
01010 10 01111001 sto 25
01011 11 00111000 lda 24
01100 12 01011010 add 26
01101 13 01011110 add 30
01110 14 10011100 sub 28
01111 15 01111000 sto 24
10000 16 00000000 hlt
10001 17
10010 18
10011 19
10100 20
10101 21
10110 22
10111 23
11000 24 00000011 AH (1023)
11001 25 11111111 AL
11010 26 00001111 BH (4095)
11011 27 11111111 BL
11100 28 00000000 CH (63)
11101 29 00111111 CL
11110 30 Flag
11111 31 Constante 01
